10001 07 17 18 27 29 32 13
10002 03 06 07 23 30 33 13
10003 14 22 26 27 28 31 04
10004 01 12 13 16 23 28 07
10005 03 05 06 08 17 18 14
10006 03 05 07 13 14 18 05
10007 14 22 27 28 30 33 14
10008 05 07 13 15 18 30 14
10009 01 09 13 21 24 32 06
10010 07 08 12 15 22 26 08
10011 07 08 14 22 24 30 07
10012 02 08 13 14 25 33 10
10013 01 02 03 16 18 23 12
10014 01 03 07 14 26 28 02
10015 01 04 16 21 23 28 06
10016 02 08 10 12 30 33 16
10017 01 03 06 11 12 23 11
10018 11 28 29 30 32 33 02
10019 02 10 22 24 26 27 06
10020 05 06 14 22 24 26 09
10021 02 09 16 17 19 25 04
10022 01 02 18 29 31 32 02
10023 02 09 11 22 24 27 11
10024 07 16 26 27 29 31 14
10025 04 05 07 10 13 25 11
10026 02 04 05 08 19 22 12
10027 03 04 15 25 26 30 13
10028 01 03 06 12 16 32 12
10029 01 05 14 16 17 22 03
10030 03 06 10 16 25 31 05
10031 05 07 13 24 25 28 04
10032 08 18 21 28 29 33 08
10033 08 10 11 12 25 29 09
10034 06 11 13 22 25 32 12
10035 09 10 11 18 19 21 10
10036 06 13 14 28 29 30 08
10037 03 16 19 21 24 26 06
10038 01 06 07 11 13 16 01
10039 08 17 21 23 25 32 12
10040 12 19 24 25 30 32 11
10041 03 05 13 19 25 29 12
10042 03 06 11 20 31 32 10
10043 04 10 19 22 28 33 04
10044 03 09 21 23 27 31 05
10045 02 03 04 13 20 29 01
10046 11 12 21 23 27 32 05
10047 03 10 13 20 21 32 15
10048 01 06 08 10 23 33 02
10049 01 06 10 26 27 28 02
10050 07 21 22 26 28 30 11
10051 04 17 23 27 28 32 03
10052 01 02 19 23 27 29 10
10053 03 22 24 27 28 30 14
10054 01 06 08 12 14 25 06
10055 02 03 13 19 20 23 08
10056 01 02 03 08 13 32 07
10057 05 11 12 19 25 32 05
10058 01 04 11 17 19 29 12
10059 01 09 11 12 18 30 10
10060 01 08 15 18 22 27 09
10061 02 04 16 19 22 26 12
10062 11 13 15 20 31 33 03
10063 02 06 10 17 23 24 03
10064 8 14 25 26 30 31 11 
10065 2 7 8 17 30 32 12 
10066 1 3 21 22 31 32 7 
10067 1 7 10 14 21 25 1 
10068 3 13 18 20 23 28 13 
10069 12 14 20 22 24 32 11 
10070 8 13 23 27 31 33 7 
10071 5 13 14 17 20 26 1 
10072 6 8 22 23 30 31 1 
10073 1 16 20 23 27 31 2 
10075 5 9 12 13 15 22 14 
10076 1 12 14 29 31 32 15 
10077 2 8 14 20 21 24 9 
10078 1 3 9 11 17 23 12 
10079 8 11 12 14 18 22 2 
10081 2 3 9 24 26 27 5 
10082 1 8 13 14 27 31 2 
10083 2 20 21 22 23 31 12 
10084 2 10 14 18 20 30 3 
10085 1 8 12 13 24 27 8 
10086 5 21 28 29 30 31 8 
10087 1 8 16 17 25 30 10 
10088 5 6 15 23 27 30 12 
10089 7 8 9 16 23 26 1 
10090 1 6 10 15 25 31 14 
10091 6 13 16 20 22 24 16 
10092 3 13 19 27 28 30 2 
10093 9 10 19 28 32 33 6 
10094 3 5 7 27 31 32 10 
10095 9 11 16 17 25 27 14 
10096 7 12 21 23 24 28 3 
10097 10 16 18 21 24 26 1 
10098 1 3 8 16 29 33 7 
10099 3 4 17 24 27 30 6 
10100 1 6 12 22 23 26 8 
10101 4 9 18 21 25 26 6 
10102 4 11 16 20 22 29 10 
10103 6 9 14 17 20 33 9 
10104 7 17 23 24 27 32 2 
10105 1 8 9 19 21 31 11 
10106 2 6 8 15 26 29 16 
10107 8 12 15 17 22 33 16 
10108 2 4 8 20 23 24 7 
10109 4 15 18 25 29 32 15 
10111 4 7 8 13 17 18 10 
10112 1 8 18 24 29 30 16 
10113 5 10 15 18 20 28 10 
10116 5 9 10 20 22 26 7
10117 1 8 20 22 24 28 1
10118 5 8 11 13 15 25 5
10119 7 17 25 27 30 31 9
10120 1 2 5 6 10 29 16
10121 8 11 13 18 25 30 15
10122 2 9 12 16 25 27 6
10123 6 12 15 18 29 32 10
10124 2 6 8 11 12 25 2
10125 6 7 13 23 28 29 9
10126 3 13 18 20 27 28 5
10127 1 4 8 17 25 33 1
10128 4 11 19 20 24 28 12
10129 4 8 14 25 28 32 16
10130 1 2 7 15 21 31 16
10131 5 6 15 16 19 26 6
10132 2 10 12 18 24 33 15
10133 3 9 17 21 26 32 1
10134 9 15 16 22 27 28 6
10135 4 10 13 25 26 30 10
10136 4 10 23 24 26 33 10
10137 7 9 10 13 19 33 6
10138 1 21 23 24 26 30 5
10139 11 13 18 20 26 31 9
10140 1 12 13 18 26 29 15
10141 2 3 7 18 23 27 6 
10142 2 16 18 23 26 27 10 
10143 9 16 18 26 30 31 14 
10144 2 3 8 15 19 21 11 
10145 3 21 24 27 28 31 8 
10146 1 17 18 22 25 32 1
10147 2 8 15 18 24 30 3
10148 1 3 7 18 23 27 12
10149 2 7 8 16 25 30 9
10150 2 17 18 23 29 30 6
10151 2 13 14 17 19 26 14
10152 4 9 17 21 25 31 1 
10153 3 6 12 19 30 31 13 
11001 3 9 20 24 26 32 10 
11002 6 8 12 17 28 33 5 
11003 13 14 21 22 23 27 4 
11004 4 6 8 10 13 26 5 
11005 6 9 12 14 20 22 13 
11006 1 3 5 13 16 18 5 
11007 1 9 17 24 26 31 5 
11008 10 12 13 17 24 31 15 
11009 17 18 23 24 25 26 4 
11010 1 4 5 19 15 19 13 
11016 3 4 16 17 22 29 13 
11017 2 6 15 23 26 33 8 
11018 13 15 18 28 30 33 1 
11019 2 4 12 19 32 33 16 
11020 12 16 17 19 21 30 5 
11021 1 2 14 18 25 31 8 
11022 2 7 14 16 17 21 5 
11023 2 3 6 21 22 25 5 
11024 5 7 10 19 26 31 14 
11025 8 25 26 31 32 33 9 
11026 7 8 17 19 21 26 12 
11027 13 18 21 22 25 26 1 
11028 1 4 5 14 16 17 1 
11029 1 4 9 10 20 31 7 
11030 2 9 19 24 25 33 10 
11031 16 17 24 28 29 32 12 
11032 3 5 7 13 14 15 15
11033 2 8 12 13 19 29 4
11034 13 14 17 19 24 31 8
11035 13 14 18 20 27 31 2
11036 2 11 20 22 24 31 5
11037 1 3 4 6 17 25 11
11038 2 14 15 19 23 24 12
11039 3 7 10 16 24 29 13
11040 5 11 14 24 26 28 13
11041 4 10 12 13 30 32 13
11042 5 13 15 17 19 21 15
11043 4 13 14 17 25 31 4
11044 3 14 16 26 27 31 9
11045 2 16 17 20 26 32 8
11046 9 17 18 26 29 30 8
11047 4 13 23 25 27 33 14
11048 10 14 18 25 26 27 15
11049 1 11 17 18 27 31 14
11050 4 5 19 22 28 29 15
11051 1 7 11 14 15 16 14
11052 4 5 8 19 27 28 8
11053 3 6 10 12 22 30 15
11054 8 11 16 17 22 33 8
11055 8 13 16 17 29 32 16
11056 13 16 19 20 23 25 10
11057 4 6 20 21 26 33 2
11058 7 18 22 30 32 33 6
11059 24 26 27 29 31 33 16
11060 10 11 13 21 27 31 1
11061 2 3 8 13 19 21 3
11062 4 8 9 10 29 30 3
11063 4 6 13 15 18 19 5
11064 3 6 7 29 30 33 2 
11065 4 16 23 25 27 29 3
11066 4 6 14 17 30 32 12
11067 17 19 20 24 25 27 12
11068 3 7 10 15 19 24 10
11069 2 13 16 18 24 30 12
11070 1 3 5 12 21 28 12
11071 1 2 15 22 28 30 2
11072 1 6 10 11 18 27 12
11073 3 4 5 12 17 21 14
11074 2 21 26 28 29 32 1
11075 7 9 10 12 31 32 13
11076 6 19 21 26 32 33 13
11077 1 7 8 15 26 29 10
11078 3 5 13 20 22 29 9
11079 3 14 15 16 24 29 5
11080 2 7 9 25 31 32 9
11081 6 14 19 23 25 32 12
11082 7 16 17 20 25 26 4
11083 7 16 18 24 28 29 6
11084 9 10 12 16 18 32 15
11085 3 6 11 21 24 31 10
11086 6 7 9 12 17 24 9
11087 2 3 4 5 18 28 1
11088 3 9 17 20 21 29 4
11089 1 2 11 24 29 30 12
11090 2 5 14 18 21 25 16
11091 9 15 21 23 28 30 3 
11092 5 10 17 26 31 32 4 
11093 4 7 11 13 23 30 9 
11094 9 11 12 17 18 19 5 
11095 3 7 8 10 23 24 5 
11096 1 4 7 13 14 19 15 
11097 9 17 19 20 21 26 16 
11098 3 7 20 21 22 32 5 
11099 10 12 13 21 26 27 14 
11100 7 11 21 23 31 32 5 
11101 6 10 19 23 29 31 6 
11102 1 5 13 21 27 31 11 
11103 4 5 10 13 15 16 12 
11104 9 10 16 20 25 29 9 
11105 4 6 23 25 27 28 1 
11106 2 11 12 14 24 32 14 
11107 4 9 16 17 22 29 15 
11108 2 17 22 26 29 33 10 
11109 1 3 9 15 16 33 15 
11110 12 14 21 26 28 33 12 
11111 1 3 5 20 25 27 4
11112 03 5 16 18 23 24 15
11113 6 10 11 25 32 33 5
11114 1 14 15 16 30 32 9
11115 7 8 9 12 17 33 16
11116 1 7 11 12 17 27 5
11117 8 10 19 26 28 30 4
11118 5 6 11 14 20 21 10
11119 9 12 14 19 28 32 1
11120 4 14 17 28 30 33 7
11121 4 14 22 25 32 33 2
11122 10 12 18 26 27 31 03
11123 1 4 5 14 19 28 16
11124 9 18 19 26 31 32 16
11125 3 10 15 24 27 32 8
11126 3 7 13 18 23 26 16
11127 16 19 22 23 27 29 11
11128 9 11 14 17 19 23 12
11129 7 10 11 21 23 26 6
11130 7 14 18 23 25 32 15
11131 2 7 9 17 21 25 1
11132 2 5 12 13 25 33 7
11133 12 14 20 21 25 31 16
11134 1 2 6 7 30 31 10
11135 12 13 17 20 25 26 12
11136 2 4 6 20 22 31 7
11137 2 11 18 23 30 33 13
11138 1 5 15 24 28 32 7
11139 08 20 24 27 30 31 03
11140 04 18 20 22 27 29 6
11141 2 4 6 19 24 29 11
11142 12 15 16 26 29 31 2
11143 7 8 12 14 15 30 16
11144 01 02 09 10 16 24 3
11145 02 04 14 15 26 30 4
11146 11 23 26 28 32 33 10
11147 04 08 12 17 18 30 10
11148 5 14 22 23 25 26 14
11149 4 5 6 7 23 31 16
11150 8 10 12 15 22 27 13
11151 7 11 16 19 31 33 10
11152 4 10 11 12 21 26 13
11153 05 08 09 10 20 25 13
12001 01 04 05 09 15 17 06
12002 02 03 07 09 10 32 13
12003 03 06 08 24 29 31 09
12004 01 05 10 11 21 23 16
12005 07 09 18 27 31 33 06
12006 2 22 25 29 32 33 8
12007 10 17 19 27 28 32 04
12008 1 12 20 23 24 29 8
12009 4 16 24 26 27 33 11
12010 1 3 13 19 25 26 10
12011 4 14 15 16 20 26 5
12012 15 17 18 20 23 27 01
12013 6 8 24 29 30 32 13
12014 1 2 5 16 28 30 12
12015 01 3 6 10 21 23 15
12016 2 5 12 17 22 25 8
12017 6 9 14 19 25 28 10
12018 3 5 6 22 26 32 15
12019 7 14 18 20 22 30 16
12020 3 8 12 18 23 29 11
12021 1 15 16 18 22 30 03
12022 4 8 12 24 26 27 4
12023 5 9 15 23 24 33 02
12024 4 12 19 21 25 28 13
12025 03 08 09 17 25 27 06
12026 3 7 9 15 24 25 16
12027 4 16 22 25 30 31 12
12028 10 15 20 21 28 30 11
12029 04 07 15 25 26 28 03
12030 09 10 17 18 21 31 08
12031 4 16 22 24 27 31 03
12032 1 2 10 17 22 24 04
12033 2 3 15 16 17 27 04
12034 2 3 8 23 32 33 16
12035 9 11 12 21 24 26 05
12036 2 11 13 18 19 26 9
12037 5 14 19 24 28 33 09
12038 9 10 11 15 19 33 16
12039 1 2 5 13 22 29 08
12040 3 8 9 22 25 31 10
12041 8 11 15 20 24 32 02
12042 5 6 11 19 24 28 16
12043 2 9 11 21 26 33 03
12044 6 9 10 14 22 25 3
12045 8 11 20 21 27 30 09
12046 04 12 19 20 23 33 06
12047 6 7 11 16 32 33 11
12048 1 5 14 22 24 30 10
12049 04 12 13 19 20 32 02
12050 7 13 15 17 19 24 11
12051 02 12 14 17 30 31 09
12052 2 3 5 6 20 24 04
12053 04 15 22 25 27 33 04
12054 06 14 18 20 30 33 14
12055 04 06 13 20 24 28 01
12056 4 7 14 17 26 31 10
12057 3 5 19 21 27 31 04
12058 3 6 15 20 25 26 04
12059 04 13 21 22 26 31 01
12060 7 10 13 16 17 29 01
12061 3 8 11 12 14 18 14
12062 02 13 16 17 20 31 07
12063 2 10 17 19 24 27 12
12064 05 10 11 16 23 24 11
12065 08 10 18 19 27 31 14
12066 1 2 9 26 29 33 12
12067 04 05 10 21 26 30 16
12068 05 17 22 26 32 33 10
12069 8 10 11 18 20 29 06
12070 2 3 4 24 31 32 11
12071 3 4 19 21 22 23 08
12072 2 3 7 9 13 30 6
12073 4 7 9 10 17 27 5
12074 15 16 18 19 25 32 08
12075 4 6 22 23 29 32 11
12076 11 18 22 27 29 30 15
12077 02 04 13 18 26 28 12
12078 08 15 22 24 28 33 12
12079 6 7 12 24 30 33 12
12080 04 09 14 15 16 27 03
12081 02 05 10 24 25 29 06
12082 02 04 11 18 22 29 06
12083 04 09 14 15 26 33 04
12084 02 10 20 26 28 29 14
12085 05 17 24 30 31 33 05
12086 08 09 13 15 22 23 08
12087 3 10 11 13 14 22 9
12088 03 05 23 24 27 31 15
12089 03 07 10 13 14 25 11
12090 2 13 20 25 29 30 11 
12091 01 05 07 08 19 21 16
12092 06 13 17 18 28 32 03
12093 03 05 19 21 24 33 13
12094 06 09 14 16 23 33 15
12095 17 24 27 28 29 30 2 
12096 4 7 11 16 29 33 7 
12097 5 8 13 14 19 22 6 
12098 2 12 19 26 29 31 9 
12099 8 12 15 16 21 27 16 
12100 05 07 15 18 25 33 10
12101 9 12 17 18 20 33 2 
12102 13 25 27 28 29 30 15 
12103 4 9 11 14 32 33 2 
12104 4 5 9 10 19 28 3 
12105 6 13 14 15 17 30 1 
12106 13 14 20 22 23 32 16
12107 11 12 15 24 25 31 09
12108 1 9 12 13 19 28 13 
12109 02 12 24 26 29 31 03
12110 03 07 10 13 22 32 09
12111 02 09 10 20 22 31 13
12112 08 15 20 21 27 31 06
12113 3 6 9 13 18 32 06
12114 01 06 11 26 27 29 15
12115 03 08 20 24 26 32 14
12116 03 21 26 29 31 32 03
12117 13 15 18 20 24 28 09
12118 05 06 07 12 15 28 11
12119 12 20 25 26 27 28 13
12120 01 04 20 24 28 29 16
12121 01 07 08 20 23 24 11
12122 12 13 19 22 28 29 11
12123 08 10 16 25 28 33 09
12124 6 7 21 25 27 33 11
12125 08 12 13 26 29 33 01
12126 03 05 12 15 23 24 07
12127 01 09 11 21 26 32 08
12128 05 09 12 29 30 31 05
12129 01 07 09 17 21 29 01
12130 01 03 15 20 22 31 03
12131 06 18 19 26 28 32 12
12132 07 12 16 17 21 25 10
12133 01 08 11 20 21 29 02
12134 02 05 06 07 13 23 15
12136 02 07 08 17 21 28 11
12137 01 02 04 06 13 17 07
12138 01 07 16 17 19 21 14
12139 08 19 21 24 28 31 15
12140 14 18 27 30 31 33 15
12141 03 05 08 19 20 27 09
12142 5 18 22 28 29 31 6 
12143 07 08 18 25 30 32 06
12144 03 10 12 13 27 30 04
12145 05 20 26 27 28 33 03
12146 10 05 07 13 29 32 13
12147 02 12 15 23 24 32 09
12148 03 06 11 17 21 31 07
12149 01 05 13 25 26 32 13
12150 09 11 17 23 24 26 07
12151 05 14 24 25 26 32 01
12153 04 05 11 21 27 28 10
12152 10 12 18 22 28 29 07
12154 05 07 12 16 28 32 04
13001 06 08 14 15 24 25 06
13002 01 16 18 22 28 30 12
13003 22 23 26 27 28 33 09
13004 06 10 16 20 27 32 08
13005 01 13 14 25 31 32 12
13006 09 10 13 17 22 30 13
13007 02 09 15 22 26 32 01
13008 03 08 17 21 25 32 15
13009 01 04 09 13 16 23 02
13010 01 09 11 17 32 33 12
13011 03 12 17 24 27 29 09
13012 06 14 17 22 28 29 02
13013 05 06 13 19 22 28 09
13014 02 04 05 17 19 20 08
13015 05 06 07 11 13 18 15
13016 2 5 6 12 14 28 5 
03017 04 06 12 30 31 32 09
13018 2 8 13 28 29 30 5
03019 01 02 05 16 20 26 06
02020 01 07 08 12 16 21 01
13021 01 06 17 19 26 31 11
13022 02 04 07 09 15 20 07
13023 03 06 15 18 30 32 05
13024 04 05 13 23 27 30 09
13025 16 17 18 24 25 30 08
13026 04 11 14 15 22 31 11
13027 1 2 4 12 21 24 12
13028 07 08 14 25 26 28 13
13029 06 07 10 19 23 29 12
13030 07 14 18 25 26 29 06
13031 03 13 14 15 21 33 03
13032 04 21 25 29 30 33 03
13033 05 06 13 17 19 28 01
13034 06 15 20 22 26 33 09
13035 01 14 15 17 26 30 02
13036 04 05 09 27 29 31 13
13037 02 15 18 27 28 32 14
13038 09 10 12 14 15 19 11
13039 01 02 14 15 24 29 06
03040 02 04 10 12 17 30 10
13041 02 10 12 17 23 24 05
13042 01 08 12 13 15 33 03
13043 03 06 14 15 17 25 16
13044 03 05 11 18 26 28 06
13045 06 07 08 14 23 31 12
13046 03 16 19 20 24 26 06
13047 01 18 11 17 27 30 12
13048 10 13 17 28 30 32 04
13049 10 13 14 16 21 32 14
13050 03 07 13 18 22 25 03
13051 08 12 15 19 28 29 02
13052 06 07 14 21 22 24 13
13053 03 12 13 22 30 33 14
13054 03 04 08 14 21 28 14
03055 08 18 19 22 27 32 06
13056 03 12 25 26 28 29 16
13057 13 16 19 23 26 28 05
13058 08 11 17 21 23 24 05
13059 03 10 18 24 27 29 09
13060 05 07 10 13 19 20 15
13061 05 06 07 12 13 18 12
13062 01 06 07 19 22 27 02
13063 10 15 18 20 23 31 12
03064 01 09 13 22 25 32 12
13065 07 18 19 23 29 30 02
13066 01 03 16 17 20 32 07
13067 01 04 09 15 22 30 06
13068 02 07 13 20 25 27 06
13069 07 16 17 18 30 33 06
13070 02 03 09 10 28 30 06
13071 05 12 21 23 26 28 09
13072 02 08 11 14 19 33 09
13073 02 09 13 17 20 28 11
03074 03 06 08 14 19 32 03
03075 04 06 09 25 30 33 14
13076 14 23 24 26 29 30 03
13077 09 14 23 24 26 29 03
13078 03 05 17 18 26 27 15
13079 07 13 17 19 22 26 13
13080 10 11 12 23 28 32 16
13081 01 04 10 13 21 31 13
13082 04 13 14 20 22 30 06
13083 05 06 12 14 19 23 09
13084 05 07 09 11 20 21 03
13085 02 08 12 14 16 32 16
13086 02 04 11 13 16 26 11
13087 02 13 19 23 24 28 05
13088 09 15 20 21 22 24 14
13089 04 08 12 19 21 25 13
13090 02 05 11 23 24 29 08
13091 04 14 24 25 28 31 10
13092 07 11 15 21 26 31 06
13093 01 02 08 26 29 31 14
13094 02 04 14 18 20 22 07
13095 01 06 15 19 28 29 10
13096 01 02 22 28 29 30 15
13097 05 14 17 22 23 25 07
13098 07 15 18 19 20 26 14
13099 05 11 20 21 26 31 03
13100 04 08 11 14 16 20 11
13101 05 07 09 23 27 32 01
13102 02 04 05 06 08 16 03
13103 02 04 09 13 18 20 07
13104 01 02 04 15 17 28 11
13105 01 11 23 27 31 32 09
13106 09 11 23 30 31 32 06
13107 07 09 11 17 28 31 11
13108 16 21 22 28 31 32 05
13109 9 23 24 27 29 32 8 
13110 15 17 18 21 29 32 13
13111 01 02 03 06 08 33 13
13112 01 06 12 13 22 31 07
13113 04 07 11 17 24 33 09
13114 04 06 17 21 23 33 07
13115 03 12  16 17 18 27 08
13116 12 15 21 26 32 33 07
13117 09 12 13 24 27 33 16
13118 02 03 17 22 32 33 16
13119 05 15 20 22 26 32 09
13120 05 06 13 18 23 31 11
13121 04 05 06 07 25 27 07
13122 7 10 13 15 26 27 11
13123 01 02 06 11 17 25 02
13124 03 09 15 23 25 30 07
13125 04 06 08 18 25 28 16
13126 04 10 19 27 31 33 16
13127 02 03 13 20 22 33 14
13128 07 13 17 19 25 31 08
13129 05 06 10 14 27 31 14
13130 01 03 15 16 31 33 08
13131 04 06 12 17 19 26 09
13132 20 21 22 23 25 27 12
13133 04 07 12 19 22 25 01
13134 01 17 18 19 25 29 10
13135 09 23 24 25 29 31 12
13136 04 06 14 16 18 26 06
13137 04 17 19 23 24 27 10
13138 4 15 16 24 27 28 3 
13139 07 08 11 13 21 27 08
19140 01 05 12 13 21 22 10
